Plansza1=[[-1,5,4,-1,-1],
         [-1,-1,-1,-1,3],
         [-1,5,6,-1,5],
         [0,2,5,-1,5],
         [-1,-1,-1,-1,-1]]


Plansza2 = [[-1,2,3,-1,-1,0,-1,-1,-1,-1],
           [-1,-1,-1,-1,3,-1,2,-1,-1,6],
           [-1,-1,5,-1,5,3,-1,5,7,4],
           [-1,4,-1,5,-1,5,-1,6,-1,3],
           [-1,-1,4,-1,5,-1,6,-1,-1,3],
           [-1,-1,-1,2,-1,5,-1,-1,-1,-1],
           [4,-1,1,-1,-1,-1,1,1,-1,-1],
           [4,-1,1,-1,-1,-1,1,-1,4,-1],
           [-1,-1,-1,-1,6,-1,-1,-1,-1,4],
           [-1,4,4,-1,-1,-1,-1,4,-1,-1]]


Plansza3 = [[0,-1,-1,-1,-1,-1,5,6,-1,-1],
           [-1,2,-1,3,-1,-1,-1,8,9,-1],
           [-1,-1,3,-1,2,2,-1,7,8,6],
           [0,-1,-1,3,2,-1,3,4,-1,5],
           [-1,1,2,-1,-1,3,-1,-1,-1,3],
           [-1,-1,-1,5,5,5,-1,-1,-1,-1],
           [3,-1,3,4,-1,4,3,4,3,-1],
           [4,-1,6,-1,-1,-1,6,-1,-1,-1],
           [-1,-1,5,6,-1,5,4,-1,-1,1],
           [-1,-1,6,7,-1,-1,5,-1,-1,-1],
           [0,-1,-1,-1,5,4,-1,-1,0,-1],
           [-1,0,-1,3,4,-1,-1,-1,-1,-1],
           [-1,0,-1,-1,3,3,0,-1,-1,-1],
           [-1,-1,-1,-1,5,-1,-1,-1,0,-1],
           [0,1,-1,-1,-1,4,-1,-1,-1,-1]]


